2020-09-07T01:45:18.000Z,ssh root password guessing
