2022-04-21T17:46:19.000Z,ssh root password guessing
