2026-06-04T15:00:00.000Z,ssh user account guessing
2026-06-05T23:00:00.000Z,ssh user account guessing
2026-07-21T10:00:00.000Z,ssh user account guessing
