2021-01-09T09:39:56.000Z,ssh user account guessing
