2022-09-05T06:01:35.000Z,ssh user account guessing
