2023-05-13T03:54:09.000Z,ssh root password guessing
