2022-06-29T01:16:25.000Z,ssh user account guessing
2023-01-21T16:33:18.000Z,ssh user account guessing
