2022-10-03T04:35:14.000Z,smtp auth attempt
