2024-01-02T13:27:08.000Z,ssh user account guessing
2024-09-22T01:00:00.000Z,ssh user account guessing
