2022-04-25T04:23:30.000Z,ssh root password guessing
2022-05-13T20:10:02.000Z,ssh user account guessing
