2023-03-18T14:40:53.000Z,ssh user account guessing
2023-04-18T16:55:37.000Z,ssh user account guessing
2023-05-09T01:41:07.000Z,ssh user account guessing
2023-05-11T18:35:58.000Z,ssh root password guessing
2023-10-14T06:26:08.000Z,ssh user account guessing
2023-12-17T16:18:50.000Z,ssh user account guessing
2024-01-30T12:21:31.000Z,ssh user account guessing
2024-01-31T21:06:45.000Z,ssh root password guessing
