2020-03-15T01:22:35.000Z,smtp auth attempt
