2023-02-10T05:23:17.000Z,ssh user account guessing
