2022-07-11T20:31:45.000Z,smtp auth attempt
