2022-04-18T02:20:42.000Z,ssh root password guessing
2022-11-23T07:11:12.000Z,ssh root password guessing
