2025-01-25T05:00:00.000Z,ssh user account guessing
