2023-03-13T01:28:20.000Z,ssh user account guessing
2023-03-16T08:05:08.000Z,ssh root password guessing
