2020-12-27T20:10:14.000Z,ssh user account guessing
